1501.87342026
1600.94183026
1671.97894026
1809.03785026
1866.05931026
1969.06850026
2155.14781026
2292.20672026
2420.26530026
2521.31298026
2649.40794026
2736.43997026
2873.49888026
2976.50807026
3139.57140026
3295.67251026
3352.69397026
3423.73108026
3480.75254026
3551.78965026
3679.88461026
3826.95302026
3926.02143026
3997.05854026
4183.13785026
4330.20626026
4427.25902026
4613.33833026
4750.39724026
4807.41870026
4906.48711026
5019.57117026
5134.59811026
5263.64070026
5394.68119026
5509.70813026
5622.79219026
5723.83987026
5870.90828026
5973.91747026
6072.98588026
6210.04479026
6338.10337026
6501.16670026
6604.17589026
6741.23480026
6869.29338026
6968.36179026
7083.38873026
7230.45714026
7343.54120026
7442.60961026
7628.68892026
7727.75733026
7890.82066026
8004.86359026
8133.90618026
8246.99024026
8410.05357026
8596.13288026
8725.17547026
8796.21258026
8909.29664026
9037.39160026
9136.46001026
9193.48147026
9290.53423026
9418.62919026
9604.70850026
9691.74053026
9847.84164026
9944.89440026
10057.9784603
10187.0210503
10300.1051103
10403.1143003
10559.2154103
10690.2559003
10789.3243103
10952.3876403
11138.4669503
11225.4989803
11338.5830403
11439.6307203
11625.7100303
11722.7627903
11859.8217003
11973.8646303
12086.9486903
12215.0072703
12302.0393003
12405.0484903
12502.1012503
12688.1805603
12801.2646203
12957.3657303
13070.4497903
13226.5509003
13354.6094803
13517.6728103
13645.7677703
