880
255 51
15 177
347 623
311 206
625 605
660 562
848 834
489 293
27 300
185 59
7 5
92 396
53 443
97 17
121 523
338 81
615 411
79 202
820 299
119 116
754 792
179 182
371 157
566 233
190 16
411 28
354 757
124 89
18 238
326 284
193 217
59 9
56 591
876 865
442 163
283 207
348 214
107 28
429 383
395 445
230 621
381 113
13 344
439 207
599 98
69 41
72 86
519 103
21 87
247 357
209 167
6 823
159 63
297 190
389 341
56 550
364 247
618 408
484 701
35 416
789 368
712 576
432 653
1 22
485 369
52 64
77 48
4 3
81 211
281 113
198 668
553 40
576 538
99 626
438 589
153 614
407 758
156 40
437 62
6 4
352 459
674 318
478 140
831 347
131 162
481 323
276 54
601 721
548 111
224 131
108 187
132 27
403 839
279 40
204 68
2 29
7 294
117 263
193 248
336 250
170 14
436 641
710 383
629 149
304 529
343 655
865 266
259 54
468 777
490 672
627 315
260 89
786 73
573 34
392 222
275 254
149 207
53 146
417 504
791 618
54 167
74 113
318 679
863 600
306 527
517 468
118 242
20 72
14 8
229 745
30 47
660 834
420 850
64 503
43 6
346 788
290 54
428 683
17 11
88 856
65 395
321 17
523 818
12 9
860 612
83 135
16 48
320 469
50 414
214 463
542 183
508 631
408 433
2 661
5 711
166 330
153 168
682 469
780 698
245 196
808 16
164 15
384 708
56 383
34 42
643 715
105 150
69 93
8 25
624 249
239 43
784 399
217 470
260 826
613 361
366 314
92 590
620 443
859 849
136 236
108 141
713 307
578 35
70 199
140 314
232 241
25 88
323 260
573 709
336 377
51 765
65 125
83 62
221 212
239 307
738 489
200 159
37 13
424 153
857 170
111 320
310 149
139 89
305 592
287 200
535 135
624 812
16 13
285 55
802 735
27 540
54 147
182 602
692 879
811 106
194 121
315 335
402 163
270 158
639 880
726 631
816 180
871 306
71 735
6 61
598 540
453 852
76 398
787 324
441 406
267 100
691 488
268 767
39 19
419 643
362 361
702 267
610 110
201 174
232 447
203 218
549 119
410 342
798 512
810 309
727 34
351 121
198 208
33 142
44 603
51 26
129 718
421 201
2 1
299 258
1 172
297 770
238 456
90 284
94 505
656 41
369 128
761 764
356 434
361 92
70 165
489 706
362 492
121 179
76 193
115 240
648 499
342 142
840 423
108 109
545 169
88 312
4 121
55 20
271 277
215 57
581 322
526 312
15 76
30 404
435 454
118 440
407 450
11 785
803 768
69 140
26 157
306 227
813 349
332 355
388 237
556 226
224 329
305 63
164 391
557 64
614 761
295 161
313 131
552 208
533 84
451 323
67 28
130 39
336 455
684 388
273 86
98 333
77 230
605 590
371 561
219 257
550 664
265 568
59 148
688 287
182 222
343 593
644 447
127 83
274 866
163 103
698 127
554 267
479 488
696 489
266 208
434 465
635 450
115 149
103 93
65 120
115 502
184 87
514 266
9 7
79 73
574 490
833 11
325 223
99 842
250 151
800 132
51 52
90 216
447 473
368 355
413 652
123 855
651 200
420 105
575 534
87 205
787 832
47 415
446 60
515 15
10 24
87 195
774 140
731 572
2 3
146 317
753 862
96 14
680 664
742 543
109 231
82 197
406 32
33 40
30 75
37 73
650 405
276 334
273 585
453 248
31 18
74 126
193 345
78 71
151 129
140 829
241 375
506 399
878 345
70 302
86 89
38 118
435 4
790 269
52 85
797 345
343 268
123 112
90 137
474 22
229 201
34 134
196 493
18 513
286 127
225 363
174 579
501 355
276 291
8 5
28 94
215 269
681 756
480 383
26 18
39 71
238 274
543 743
12 449
110 253
390 224
310 794
485 704
131 123
420 700
426 361
17 30
587 7
395 849
55 227
612 714
252 155
729 471
171 19
67 452
853 352
257 657
331 221
539 247
559 207
59 203
210 55
83 347
413 793
387 752
586 530
693 263
341 444
95 111
103 173
211 340
280 838
82 244
174 45
52 662
19 23
380 430
143 332
65 38
64 322
173 507
254 97
234 630
122 5
432 42
280 319
737 33
719 222
744 590
799 99
76 82
358 85
619 242
16 382
334 461
532 667
251 482
60 728
197 308
11 2
225 19
377 425
112 21
612 16
178 37
115 76
776 482
695 263
835 95
15 378
45 768
488 739
232 58
89 393
475 74
555 769
115 740
483 645
669 604
77 100
403 190
336 608
577 513
148 741
23 95
570 142
418 153
2 66
46 26
366 546
348 622
292 690
18 41
34 686
379 594
84 54
183 68
499 844
399 115
5 509
188 137
658 635
143 251
239 412
734 581
539 640
143 772
61 724
244 407
212 143
525 181
638 338
46 354
697 695
846 521
464 443
540 782
272 796
405 381
154 121
281 397
121 213
68 448
611 372
678 298
551 320
344 385
541 18
759 494
100 836
267 298
385 534
328 775
649 625
102 206
287 873
563 146
114 155
7 15
128 5
39 57
691 877
370 113
6 49
56 30
422 9
359 181
244 771
581 676
869 776
303 254
144 346
296 722
828 791
528 569
246 48
44 45
699 667
1 63
249 854
630 749
105 91
814 843
824 122
27 58
587 636
95 166
741 830
847 858
136 121
827 413
370 401
145 495
173 271
177 249
2 54
352 264
754 637
398 703
152 423
10 233
258 185
153 69
322 617
90 68
309 19
3 34
253 588
74 59
189 483
15 158
394 291
161 234
64 116
73 160
370 408
468 342
654 20
72 634
110 68
365 240
146 875
13 4
466 201
69 145
220 67
57 143
682 736
773 178
161 814
43 301
101 102
822 184
760 763
23 804
671 201
460 56
616 326
54 92
425 567
150 237
675 470
652 732
433 670
269 663
264 230
6 247
548 647
485 580
169 88
336 516
256 83
809 210
257 262
60 36
243 238
254 373
117 55
35 4
243 733
748 113
356 562
6 161
30 50
419 343
692 1
730 252
78 476
413 363
66 360
195 380
747 363
807 332
278 267
193 458
43 108
254 292
109 288
705 299
227 639
556 685
528 282
687 171
307 487
169 304
110 367
668 766
123 564
109 538
606 45
694 141
189 86
241 417
18 5
27 228
590 861
103 280
140 795
282 273
725 647
98 327
21 11
53 821
387 365
521 66
217 486
560 171
24 600
498 399
42 477
422 642
9 80
716 199
191 87
332 350
52 472
720 430
717 52
445 531
468 628
353 119
214 92
125 510
490 131
797 815
7 324
119 175
571 597
338 372
806 317
514 750
37 106
272 182
864 389
144 121
53 40
374 346
582 453
494 196
511 338
221 753
16 805
36 33
707 581
755 211
439 537
580 646
407 436
60 265
242 409
746 23
181 1
50 176
417 609
27 12
751 381
59 219
779 151
1 596
778 409
28 471
131 558
723 474
817 34
621 825
62 677
91 54
665 14
226 37
595 501
8 28
512 153
223 27
259 318
376 584
17 186
637 561
571 359
874 820
3 70
192 69
801 765
196 169
33 544
275 659
323 467
338 457
328 3
633 266
867 768
5 10
104 7
483 572
331 837
311 689
565 666
5 3
19 10
293 249